-50.0 42.0 82.0
181 -90.125081 90.125081 1.001390
3.755 
3.739 
3.729 
3.720 
3.710 
3.701 
3.695 
3.691 
3.687 
3.683 
3.680 
3.482 
3.483 
3.481 
3.483 
3.483 
3.491 
3.492 
2.958 
2.561 
2.409 
2.414 
2.423 
2.428 
2.438 
2.443 
2.457 
2.470 
2.478 
2.494 
2.507 
2.522 
2.540 
2.561 
2.571 
2.588 
2.611 
2.630 
2.658 
2.676 
2.704 
2.728 
2.762 
2.745 
2.697 
2.731 
2.761 
2.797 
2.744 
2.679 
2.650 
2.686 
2.727 
2.776 
2.774 
2.730 
2.673 
2.632 
2.587 
2.550 
2.510 
2.470 
2.428 
2.464 
2.523 
2.586 
2.635 
2.699 
2.786 
5.495 
5.440 
5.379 
5.329 
5.281 
5.225 
5.324 
5.475 
5.498 
0.627 
0.538 
0.537 
0.529 
0.508 
0.508 
0.484 
0.458 
0.454 
0.433 
0.430 
0.429 
0.425 
0.426 
0.405 
0.404 
0.402 
0.402 
0.404 
0.400 
0.399 
0.403 
0.400 
0.401 
0.399 
0.402 
0.400 
0.399 
0.402 
0.403 
0.405 
0.426 
0.424 
0.426 
0.425 
0.430 
0.429 
0.434 
0.433 
0.439 
0.435 
0.437 
0.464 
0.470 
0.467 
0.471 
0.496 
0.520 
0.544 
5.590 
5.617 
5.570 
5.514 
5.484 
3.630 
3.547 
3.448 
3.344 
3.326 
3.368 
3.407 
3.455 
3.500 
3.552 
3.604 
5.442 
3.568 
3.510 
3.434 
3.382 
3.323 
3.268 
3.217 
3.164 
3.126 
3.076 
3.038 
3.003 
2.108 
2.072 
2.051 
2.028 
2.008 
1.990 
1.970 
1.953 
1.934 
1.912 
1.895 
1.889 
1.871 
1.857 
1.843 
1.836 
1.819 
1.811 
1.802 
1.792 
1.779 
1.778 
1.764 
1.760 
1.751 
