-49.854302 38.964433 90.000000
181 -90.125078 90.125078 1.001390
2.901724
2.867821
2.834784
2.802642
2.771426
2.741168
2.721544
2.692954
2.665408
2.647640
2.621908
2.605379
2.581550
2.566320
2.544484
2.530612
2.517300
2.498399
2.486524
2.475237
2.464549
2.449653
2.440492
2.431954
2.424046
2.416775
2.410145
2.401416
2.396414
2.392070
2.388389
2.385372
2.383023
2.381344
2.380336
2.380000
2.380336
2.381344
2.383023
2.385372
2.390146
2.394160
2.398833
2.404163
2.410145
2.416775
2.424046
2.431954
2.440492
2.454465
2.464549
2.475237
2.486524
2.504556
2.517300
2.530612
2.551627
2.566320
2.589363
2.605379
2.621908
2.647640
2.674472
2.692954
2.721544
2.857761
3.471138
3.629435
3.672383
3.716558
3.761914
3.808412
3.856008
3.904664
3.966913
4.017810
4.082744
4.545987
5.999533
6.096064
6.208414
6.308407
6.424516
6.500862
6.395154
6.304538
6.203225
6.128882
6.044005
5.961208
5.903389
6.051843
6.108159
6.044171
6.071112
6.181909
6.373602
6.584740
7.549013
7.487002
7.543077
7.674008
7.610782
7.565236
7.507063
7.458606
7.412476
7.368718
7.333130
7.293888
7.257134
7.227642
7.200028
7.170216
7.146748
7.121826
7.102591
7.085337
7.070078
7.156312
7.145236
9.940623
10.031490
10.224402
12.000000
12.000000
7.141372
7.104759
7.131227
7.238701
12.000000
12.000000
12.000000
12.000000
7.638062
7.234141
6.950396
6.974525
5.734004
5.384311
5.409695
5.436800
5.459707
5.179845
5.205420
5.238931
5.274126
5.310970
5.349430
2.962837
2.853909
2.745906
2.656690
2.568268
2.480726
2.411390
2.387300
2.408319
2.429815
2.462925
2.452835
2.388054
2.340086
2.336493
2.373942
2.399417
2.438360
2.478144
2.504157
2.460894
2.418347
2.376552
2.335551
2.295387
2.269097
2.230426
2.205176
2.168133
2.144015
2.108744
2.085857
