-49.820323 36.785834 90.000000
181 -90.125078 90.125078 1.001390
1.367187
1.369379
1.371860
1.374627
1.377679
1.384630
1.694462
1.698588
1.707513
1.712308
1.722556
1.733667
1.739540
1.751913
1.758408
1.772004
1.786393
1.793878
1.809420
1.825705
1.842715
1.851486
1.869545
1.888280
1.907669
1.927693
1.948333
1.969568
1.991381
2.013753
2.036664
2.060097
2.096187
2.120849
2.145973
2.184491
2.210701
2.250778
2.291724
4.157884
4.228712
4.202142
4.134247
4.165573
4.256196
4.348241
4.441621
4.552142
4.648139
4.761512
4.876269
5.008992
5.160155
5.690448
5.862184
6.035661
6.102360
6.055807
6.225271
6.369929
6.319620
6.271204
6.224725
6.180226
6.137752
6.103933
6.065278
6.028764
6.000000
6.263960
6.689245
7.068154
7.245550
7.217091
7.438064
7.414499
7.396350
7.380108
7.465172
12.000000
12.000000
12.000000
12.000000
12.000000
12.000000
12.000000
12.000000
12.000000
12.000000
12.000000
7.618005
7.511724
7.526726
7.566373
12.000000
12.000000
12.000000
12.000000
12.000000
12.000000
11.574075
8.959509
8.583262
8.633076
8.685552
6.886741
6.569901
6.292345
6.053528
5.798379
5.599571
5.402407
5.224749
5.048762
4.291620
4.277242
4.634350
4.499111
4.382145
4.266568
4.168693
4.056008
3.976581
3.882525
3.805259
3.729075
3.654039
3.580224
3.522102
3.450681
3.394584
3.339461
3.285362
3.232337
3.193305
3.142292
3.104835
3.056010
3.020265
2.985297
2.951135
2.906888
2.874717
2.843449
2.823119
2.793421
2.764706
2.737006
2.719117
2.693177
2.668333
2.652395
2.629449
2.614804
2.593839
2.580543
2.567801
2.555621
2.645600
2.629449
2.745542
2.959189
3.110820
3.098645
3.087588
3.077662
3.071677
3.063658
3.056796
3.051098
3.147698
3.145155
3.142292
3.140573
3.140000
3.140255
3.141592
3.144074
3.146363
3.150746
3.156264
