-50.0 42.0 82.0
181 -90.125081 90.125081 1.001390
3.755 
3.739 
3.729 
3.720 
3.710 
3.701 
3.695 
3.691 
3.687 
2.902 
2.860 
2.842 
2.823 
2.822 
2.823 
2.842 
2.870 
2.889 
2.956 
2.561 
2.409 
2.414 
2.423 
2.428 
2.438 
2.443 
2.457 
2.470 
2.478 
2.494 
2.507 
2.522 
2.540 
2.561 
2.571 
2.588 
2.611 
2.630 
2.658 
2.676 
2.704 
2.728 
2.762 
2.745 
2.697 
2.731 
2.761 
2.797 
2.744 
2.679 
2.650 
2.686 
2.727 
2.776 
2.774 
2.730 
2.673 
2.632 
2.587 
2.550 
2.510 
2.470 
2.428 
2.464 
2.523 
2.586 
2.635 
2.699 
2.786 
5.495 
5.440 
5.379 
5.329 
5.281 
5.225 
5.324 
5.475 
5.498 
5.490 
5.452 
5.673 
5.934 
7.042 
7.003 
6.961 
7.134 
7.091 
7.064 
7.027 
7.000 
6.975 
6.953 
6.935 
6.915 
6.894 
6.882 
6.872 
6.859 
6.852 
6.848 
6.843 
6.841 
6.839 
6.844 
6.846 
6.851 
6.861 
6.873 
6.887 
6.900 
6.915 
6.937 
6.957 
6.984 
7.004 
7.037 
7.069 
7.101 
7.136 
7.174 
7.219 
7.201 
6.980 
7.033 
6.287 
6.027 
5.806 
5.590 
5.617 
5.570 
5.514 
5.484 
3.630 
3.547 
3.448 
3.344 
3.326 
3.368 
3.407 
3.455 
3.500 
3.552 
3.604 
5.442 
3.568 
3.510 
3.434 
3.382 
3.323 
3.268 
3.217 
3.164 
3.126 
3.076 
3.038 
3.003 
2.108 
2.072 
2.051 
2.028 
2.008 
1.990 
1.970 
1.953 
1.934 
1.912 
1.895 
1.889 
1.871 
1.857 
1.843 
1.836 
1.819 
1.811 
1.802 
1.792 
1.779 
1.778 
1.764 
1.760 
1.751 
