-50.0 35.0 92.0
181 -90.125081 90.125081 1.001390
10.849 
10.004 
8.715 
7.745 
6.897 
6.266 
3.245 
2.974 
2.760 
2.585 
2.410 
2.280 
2.166 
2.132 
2.145 
2.156 
2.174 
2.185 
2.121 
2.111 
2.131 
2.129 
2.060 
1.987 
1.981 
1.998 
2.006 
1.953 
1.900 
1.855 
1.868 
1.886 
1.914 
1.938 
1.972 
1.999 
2.023 
2.066 
2.095 
2.137 
2.165 
2.204 
2.252 
2.293 
3.107 
3.185 
3.243 
3.324 
3.404 
3.484 
3.568 
3.666 
3.770 
5.995 
6.168 
6.375 
6.569 
6.781 
7.475 
7.749 
7.745 
7.885 
8.053 
8.014 
5.011 
4.912 
4.881 
4.875 
4.880 
4.980 
8.154 
8.791 
8.964 
8.932 
9.577 
12.002 
12.000 
12.003 
3.621 
3.615 
3.607 
3.603 
3.605 
3.603 
3.603 
3.603 
11.998 
12.001 
11.998 
11.997 
11.997 
11.998 
12.001 
11.999 
11.997 
12.000 
12.002 
12.000 
11.999 
8.171 
7.668 
7.208 
6.823 
5.656 
6.143 
5.860 
4.245 
4.061 
3.934 
3.966 
3.990 
4.036 
4.059 
4.101 
4.145 
4.057 
3.953 
3.835 
3.731 
3.635 
3.555 
3.458 
3.392 
3.317 
3.254 
3.247 
3.270 
3.212 
3.267 
3.321 
3.381 
3.440 
3.495 
3.558 
3.508 
3.454 
3.407 
3.355 
3.323 
3.388 
3.355 
3.312 
3.281 
3.251 
3.209 
3.180 
3.147 
3.124 
3.093 
3.066 
3.044 
3.019 
2.996 
2.982 
3.048 
3.200 
3.237 
3.217 
3.207 
3.190 
3.176 
3.309 
3.562 
3.878 
4.043 
4.028 
4.017 
4.012 
4.001 
3.996 
4.092 
4.086 
4.080 
4.083 
4.079 
4.081 
4.080 
4.087 
4.088 
4.092 
4.099 
