-51.490533 47.287166 90.000000
181 -90.125078 90.125078 1.001390
2.148302
2.125088
2.102380
2.080192
2.047926
2.027116
2.006888
1.987259
2.022375
2.093132
2.164532
2.236515
2.327230
2.418677
3.947911
3.925812
3.897589
3.870814
3.895947
3.909885
3.892814
3.871382
3.856319
3.837603
3.848376
4.220427
4.633142
5.106271
5.778477
6.571362
7.584458
6.686973
12.000000
12.000000
12.000000
12.000000
12.000000
12.000000
12.000000
12.000000
12.000000
12.000000
12.000000
12.000000
12.000000
2.673200
2.597537
2.565307
2.533930
2.522935
2.532114
2.546998
2.557655
2.568891
2.624881
2.681641
9.616652
9.464143
9.522458
9.590829
9.670160
9.744516
9.830340
9.668961
9.563640
9.462283
9.166243
8.513189
8.274346
8.038159
7.838010
7.640157
5.568519
5.456006
5.329015
3.866988
3.789934
3.713974
3.639176
3.580224
3.606938
3.662840
3.733952
3.806363
3.880000
3.941675
3.889781
3.851493
3.904664
3.868074
3.964291
4.006045
3.949481
3.944059
4.061921
4.181148
4.301628
4.440721
4.581179
4.686875
4.651237
4.608253
4.575150
4.535416
4.504975
4.475757
4.447786
4.421086
4.395679
4.371590
4.348839
4.327447
4.307436
4.288823
4.271627
4.255867
4.244997
4.231784
4.220047
4.212220
3.297575
3.291929
3.287370
3.283900
3.281524
3.280549
3.180000
3.000600
2.981677
2.984292
2.986704
2.991321
2.995063
3.001666
3.009452
3.015294
3.025029
3.035918
3.043813
3.056599
3.070505
3.085515
3.412038
3.429052
3.447028
3.465949
3.492621
3.513688
3.535647
3.558483
3.590265
3.615080
3.649438
3.640495
3.516475
3.411158
3.440756
3.471138
3.451376
3.350463
3.283900
3.201562
3.120256
3.040066
2.976777
2.914310
2.852718
2.792060
2.747217
2.688345
2.644920
2.588049
2.546213
2.505115
2.464792
2.425283
2.399417
2.361356
2.324220
2.300000
2.264509
