-51.490533 47.287166 90.000000
181 -90.125078 90.125078 1.001390
2.141495
2.118962
1.969568
1.831720
1.811077
1.684399
1.664812
1.655295
1.636826
1.619136
1.610590
1.594114
1.586190
1.570987
1.563714
1.549839
1.543243
1.536880
1.524861
1.519210
1.508642
1.503729
1.499066
1.490503
1.486607
1.482970
1.476482
1.473635
1.471054
1.468741
1.464923
1.463421
1.462190
1.501199
1.560128
1.560000
1.560128
1.661084
1.661927
1.664332
1.665893
1.769181
1.773697
1.776288
1.884038
1.887326
1.996497
2.004495
2.731300
2.740657
2.755721
2.766442
2.783523
2.795568
2.814605
2.827932
2.848859
2.870888
2.893994
2.909983
2.934825
2.960676
2.987507
3.015294
3.044010
3.073630
3.104126
3.135474
3.167649
3.211791
3.245797
3.276156
3.196123
3.132922
3.070505
3.080584
3.089336
3.029719
2.971061
2.927730
2.870888
2.828993
2.774167
2.775464
2.835348
2.811690
2.233294
2.196178
2.172004
2.136633
2.113670
2.091220
2.069299
2.047926
2.027116
2.006888
1.987259
1.968248
1.976765
2.048316
2.120472
2.211425
2.303128
2.395496
3.911521
3.890758
3.864350
3.839427
3.904100
3.887313
3.866264
3.851493
3.833171
3.820471
4.012630
4.406041
4.879549
5.552261
6.325820
7.498613
6.683502
12.000000
12.000000
12.000000
12.000000
12.000000
12.000000
12.000000
12.000000
12.000000
12.000000
12.000000
12.000000
12.000000
2.837534
2.663607
2.608371
2.577208
2.546920
2.536927
2.546998
2.563201
2.574723
2.586813
2.643785
2.745906
9.478502
9.544926
9.614261
9.694637
9.769913
9.847903
9.696288
9.591767
9.508923
9.196369
8.544214
8.306263
8.087719
7.888219
7.691034
5.636240
5.508176
5.381821
3.935937
3.859223
3.783596
3.709124
3.635877
3.620829
3.691124
3.748333
3.820995
3.894868
3.969887
3.948671
3.898102
3.964341
3.916018
3.996649
4.055317
