-50.566000 42.215000 90.000000
181 -90.125078 90.125078 1.001390
3.757659
3.742299
3.731863
3.722365
3.711172
3.703890
3.697567
3.690637
3.686570
3.683477
3.681358
3.480057
3.480057
3.480919
3.482815
3.485742
3.489699
3.315479
2.778489
2.421239
2.407073
2.413379
2.420331
2.427921
2.436145
2.444995
2.454465
2.469818
2.480806
2.492388
2.504556
2.523886
2.537479
2.558906
2.573869
2.589363
2.613580
2.630361
2.656464
2.674472
2.702369
2.731300
2.761232
2.747581
2.696665
2.729176
2.762608
2.796927
2.744012
2.680299
2.648773
2.686336
2.724702
2.777049
2.774167
2.730348
2.672901
2.630589
2.588977
2.548097
2.507987
2.468684
2.430226
2.461300
2.524203
2.588049
2.636513
2.701851
2.784600
5.493014
5.440147
5.378476
5.328602
5.280151
5.223945
5.321842
5.474779
5.495307
5.491266
5.452339
5.674927
5.936329
7.040256
7.001286
6.958161
7.112862
7.074376
7.038466
7.009765
6.983008
6.958218
6.931811
6.911353
6.895854
6.876540
6.862216
6.849964
6.839795
6.831720
6.825746
6.822375
6.820117
2.180092
2.100857
2.081538
2.043526
2.026327
2.029877
2.031945
2.036664
2.042156
2.048414
2.075090
2.082787
2.149791
7.014414
7.048461
7.079718
7.112862
7.153880
7.191022
7.198945
6.980344
7.030505
6.284616
6.027172
5.808167
5.590886
5.617010
5.573150
5.486055
5.482335
3.632354
3.546829
3.445229
3.344847
3.322951
3.368857
3.404115
3.452188
3.501428
3.551788
3.603221
5.439485
3.566623
3.508276
3.436568
3.380237
3.324876
3.270535
3.217266
3.165123
3.126787
3.076751
3.040066
3.004131
2.108744
2.074608
2.052511
2.030960
2.009975
1.989573
1.969772
1.950590
1.932046
1.914158
1.896945
1.888597
1.872432
1.856987
1.842281
1.835211
1.821648
1.808867
1.802776
1.791201
1.780449
1.775387
1.765899
1.761477
1.753283
